TAXAS	3300005062_4	3300006249_7	3300007098_3	3300008268_8	3300011799_3	3300012811_5	3300013014_21	3300013138_52	3300014780_5	3300020426_2	3300025161_16	3300025471_17	3300025846_9	3300026121_15	3300026907_2	3300027043_5	3300027850_47	3300028070_3	3300028084_3	3300028087_3	3300028569_14	3300028994_3	3300029051_9	3300029323_5	3300029839_14
PUL0001	0	1	1	1	1	1	1	0	1	1	1	1	0	0	0	0	0	1	1	1	1	0	1	1	1
PUL0003	0	0	0	0	0	0	0	0	0	0	0	0	0	0	0	0	0	1	0	0	0	0	0	0	0
PUL0004	0	0	0	0	0	0	0	0	0	0	0	0	0	0	0	0	0	0	0	0	0	0	0	0	1
PUL0006	0	0	0	0	0	0	0	0	1	0	0	0	0	1	0	0	0	0	0	0	0	2	1	0	0
PUL0007	0	0	0	0	0	0	1	1	0	0	0	0	0	0	0	0	0	0	0	0	1	0	0	0	1
PUL0008	0	0	0	0	0	0	0	0	1	0	0	0	0	1	0	0	0	1	1	1	1	0	0	0	0
PUL0009	0	1	0	0	0	0	1	2	0	0	1	0	0	0	0	0	0	0	0	0	0	0	0	1	0
PUL0010	0	0	0	0	0	0	0	3	0	0	1	0	0	0	1	0	0	0	0	0	0	0	1	0	0
PUL0011	0	0	0	0	0	0	1	0	0	0	0	0	0	0	0	0	0	0	0	0	0	0	0	0	0
PUL0012	0	0	0	0	0	0	0	1	0	0	0	0	0	1	0	0	0	0	0	0	0	0	0	0	0
PUL0013	0	1	0	0	0	0	2	1	0	0	1	1	1	5	0	0	0	1	1	0	2	0	0	1	1
PUL0014	0	0	0	0	0	0	0	0	0	0	0	0	0	0	0	0	1	0	0	0	0	0	0	0	1
PUL0015	0	0	0	0	0	0	0	0	3	0	0	0	0	0	0	0	0	0	0	0	0	0	1	0	1
PUL0016	0	0	0	0	0	0	0	0	2	0	0	0	0	0	0	0	0	0	0	0	0	4	4	0	3
PUL0017	1	1	1	0	2	1	4	1	1	3	2	2	0	3	3	0	1	1	0	0	3	1	2	2	1
PUL0019	0	0	1	0	0	1	0	0	1	1	0	0	1	0	1	0	0	0	0	0	0	2	0	0	2
PUL0020	0	0	0	0	0	0	0	0	0	0	0	0	0	0	1	0	0	0	0	0	0	0	0	0	0
PUL0021	0	0	0	0	0	0	0	1	0	0	0	0	0	1	0	0	0	0	0	0	0	0	0	0	0
PUL0022	0	0	0	0	0	0	0	0	4	0	0	0	0	0	0	0	0	0	0	0	0	8	3	0	4
PUL0024	0	1	0	0	0	0	0	0	2	1	0	0	1	0	0	0	0	0	0	0	1	4	5	4	3
PUL0025	0	0	0	0	0	0	0	0	0	0	0	0	0	0	0	0	0	0	0	0	0	1	0	0	0
PUL0026	0	1	0	0	0	0	1	0	1	0	0	0	0	0	0	0	0	0	0	0	0	0	0	0	0
PUL0027	0	0	0	0	0	0	0	0	0	1	1	0	0	0	0	0	0	0	0	0	0	0	0	1	0
PUL0028	0	0	0	0	0	0	0	0	0	0	0	0	0	1	0	0	0	0	0	0	0	1	0	0	0
PUL0029	1	1	1	0	0	0	2	1	6	0	1	1	2	3	3	4	2	0	1	1	0	4	8	2	2
PUL0033	0	1	0	0	0	0	0	0	2	0	0	0	0	0	0	0	2	1	0	0	0	1	2	0	0
PUL0034	0	0	0	0	0	0	0	0	0	0	0	0	0	0	0	0	0	0	0	0	1	0	0	0	0
PUL0036	0	0	0	0	0	0	1	0	0	0	1	1	0	1	0	0	0	0	0	0	0	0	0	0	0
PUL0037	0	0	0	0	0	0	0	1	0	0	0	0	0	0	0	0	0	0	0	0	0	0	0	0	0
PUL0038	1	1	1	1	0	0	0	2	0	0	0	2	0	2	2	0	0	0	0	0	2	0	0	1	0
PUL0039	0	1	0	0	0	0	0	1	0	0	0	0	0	0	0	0	0	0	0	0	0	0	0	0	0
PUL0041	0	0	0	0	0	0	0	0	1	0	0	0	0	0	0	0	0	0	0	0	0	2	2	0	0
PUL0042	0	0	0	0	0	0	0	0	0	0	0	0	0	0	0	0	0	0	0	0	1	0	0	0	0
PUL0044	0	0	1	1	0	0	0	0	0	0	0	0	0	0	0	0	1	0	0	0	0	0	0	0	0
PUL0045	0	0	0	0	0	0	0	0	0	0	0	0	0	0	0	0	1	0	0	0	0	0	0	1	0
PUL0046	0	0	0	0	0	0	0	0	0	0	0	0	0	0	0	0	0	0	0	1	0	0	0	0	0
PUL0047	0	0	1	1	0	0	0	0	1	0	1	1	0	0	0	1	1	0	0	0	1	0	1	0	0
PUL0048	0	0	0	0	0	0	0	0	0	0	0	0	0	0	0	0	0	0	0	0	0	1	0	0	0
PUL0049	2	2	2	0	1	2	4	1	1	1	1	5	2	1	1	5	1	5	4	4	1	0	1	4	1
PUL0050	0	0	1	0	0	1	1	0	0	0	1	1	1	1	0	2	0	2	0	0	0	0	0	0	2
PUL0052	0	0	0	0	0	0	0	0	0	0	0	0	0	0	1	0	0	0	0	0	0	0	0	0	0
PUL0053	0	0	0	0	0	0	0	1	0	0	0	0	0	1	2	0	0	0	0	0	1	0	0	0	0
PUL0057	0	0	0	0	0	0	0	0	0	1	2	2	0	0	0	0	0	1	0	0	0	0	0	0	0
PUL0058	2	2	0	0	1	0	1	1	1	0	0	2	1	1	0	0	0	0	0	0	0	1	2	4	2
PUL0059	0	0	0	0	0	0	1	0	0	0	0	1	0	0	0	0	0	0	0	0	0	1	0	0	0
PUL0060	1	0	0	0	0	0	0	2	1	0	1	1	1	1	2	0	0	0	0	0	1	1	0	0	0
PUL0061	1	1	0	0	0	1	3	0	0	0	1	2	0	2	1	1	2	0	0	0	2	0	0	0	0
PUL0062	0	0	0	0	0	0	0	0	0	0	0	0	0	0	0	0	0	0	0	0	0	0	1	0	0
PUL0064	0	0	0	0	0	0	0	0	0	0	0	0	0	0	0	0	0	0	0	0	1	0	0	0	0
PUL0066	0	0	1	1	0	0	0	0	0	0	0	0	0	0	0	0	0	1	0	1	0	0	0	0	0
PUL0067	0	0	0	0	0	1	0	0	0	0	0	0	0	1	0	0	1	2	2	1	0	0	0	0	0
PUL0069	0	0	0	0	0	0	0	0	0	0	0	1	0	1	0	0	0	0	0	0	0	0	0	0	0
PUL0070	1	1	0	0	1	0	0	1	1	0	0	0	1	1	0	0	1	1	1	1	1	0	1	0	1
PUL0073	0	0	0	0	0	1	0	0	0	0	0	1	0	0	0	0	0	0	0	0	1	0	0	0	0
PUL0074	0	0	0	0	1	0	0	0	0	1	0	0	0	0	0	0	0	0	0	0	0	0	1	0	0
PUL0075	0	0	0	0	0	0	1	0	0	0	0	0	0	0	0	0	1	0	0	0	0	0	0	0	0
PUL0080	0	0	0	0	0	0	0	0	0	0	0	0	0	0	1	0	0	1	0	1	0	0	0	0	0
PUL0081	0	0	0	0	0	0	1	0	0	0	0	0	0	0	0	0	0	0	0	0	0	0	0	0	0
PUL0082	0	0	0	0	0	0	0	0	0	0	1	0	0	0	0	0	0	0	0	0	0	0	0	0	0
PUL0083	0	0	0	0	0	0	0	0	0	0	0	0	0	0	0	0	0	0	1	0	0	0	0	0	0
PUL0085	0	0	0	0	0	0	0	0	0	0	0	0	1	0	0	0	0	0	0	0	0	0	0	0	0
PUL0088	0	0	0	0	0	0	0	0	0	0	0	0	0	0	0	0	0	0	0	0	0	1	0	0	0
PUL0090	0	0	0	0	1	0	0	0	0	0	0	2	0	0	0	0	0	0	0	0	0	0	0	0	0
PUL0093	1	4	5	1	0	3	0	1	0	0	1	0	0	6	1	0	1	3	3	2	0	0	1	0	0
PUL0094	0	1	2	1	0	1	0	0	0	3	0	0	0	1	1	0	1	2	0	1	2	0	1	2	1
PUL0096	0	0	0	0	0	0	0	0	0	0	1	0	1	0	0	0	0	0	0	0	0	0	0	0	0
PUL0098	0	0	0	0	0	0	0	0	0	1	0	0	0	1	0	0	0	0	0	0	0	0	1	0	0
PUL0099	0	0	0	0	0	0	0	0	0	0	0	2	0	0	0	0	0	0	0	0	0	0	0	0	0
PUL0101	0	3	0	1	1	0	5	0	2	1	0	0	0	0	0	3	0	1	1	1	1	1	3	1	1
PUL0102	0	0	0	0	0	0	0	0	0	0	0	0	2	0	0	0	0	0	0	0	0	0	0	0	0
PUL0103	1	1	1	1	1	1	0	2	1	0	0	1	1	0	1	0	1	1	1	1	0	0	1	0	1
PUL0104	0	1	0	0	0	0	0	0	0	0	0	0	0	0	0	0	1	0	0	0	1	0	0	0	0
PUL0106	2	3	9	3	3	4	5	3	5	2	4	3	1	5	1	4	5	2	2	1	3	3	5	7	4
PUL0107	2	1	0	0	0	1	0	0	4	0	0	0	0	0	0	0	1	0	0	0	0	2	3	0	2
PUL0108	5	3	3	3	3	1	2	3	3	5	4	2	3	6	0	2	3	4	1	3	6	6	3	1	0
PUL0109	0	0	2	2	0	0	0	0	0	0	0	0	1	0	0	0	0	1	1	1	0	0	1	0	0
PUL0110	0	0	0	0	0	0	0	0	0	0	0	0	0	0	0	0	0	0	0	0	0	0	1	0	0
PUL0113	0	0	0	0	0	0	0	0	7	0	1	0	0	1	0	0	0	0	0	0	1	2	4	1	1
PUL0114	0	0	0	0	0	0	0	0	0	0	0	0	0	0	0	0	0	1	1	1	0	0	0	0	0
PUL0115	0	0	0	0	0	0	0	0	0	0	0	0	0	0	0	0	0	0	0	0	0	1	0	0	0
PUL0117	0	0	0	0	0	0	0	0	0	0	1	0	0	0	0	0	0	0	0	0	2	0	1	0	0
PUL0118	0	0	0	0	0	0	0	0	0	0	0	0	0	0	0	0	0	0	0	1	0	0	0	0	0
PUL0119	0	0	0	0	0	0	0	0	0	0	0	0	0	0	0	0	0	0	0	0	2	0	0	0	0
PUL0121	9	2	2	2	3	1	3	9	4	3	1	4	4	4	7	6	1	1	2	1	6	1	3	4	4
PUL0122	0	0	0	0	0	0	0	0	0	0	1	1	0	0	0	0	0	0	0	0	0	0	0	0	0
PUL0123	1	2	0	2	0	0	0	0	0	1	0	2	0	1	0	0	1	2	2	2	0	1	1	0	2
PUL0124	4	6	0	0	1	0	2	1	3	0	0	0	2	2	0	2	1	1	1	1	2	1	4	3	1
PUL0125	0	0	0	0	0	1	0	0	0	0	0	0	0	0	0	0	0	0	0	0	0	0	0	0	0
PUL0126	0	0	0	0	1	0	0	0	0	0	0	0	0	0	1	0	0	0	0	0	0	0	0	0	0
PUL0127	0	0	0	0	0	0	0	1	0	0	0	0	0	0	1	0	0	0	0	0	0	0	0	0	0
PUL0128	0	1	0	0	0	0	0	0	0	0	0	0	0	0	0	0	0	0	0	0	0	0	0	0	0
PUL0130	1	1	0	0	0	0	0	0	0	0	2	0	0	1	0	0	0	0	0	0	0	0	0	0	0
PUL0131	0	0	0	0	0	0	0	0	0	0	0	0	0	0	0	0	0	0	0	0	1	0	1	0	0
PUL0133	0	0	0	0	0	0	1	0	0	0	2	1	0	0	0	1	0	0	0	0	0	1	0	0	0
PUL0134	2	0	0	0	3	1	2	0	0	0	0	0	0	1	0	0	0	0	0	0	2	0	0	0	0
PUL0135	0	1	0	1	0	0	0	1	0	0	0	0	0	0	1	1	0	0	0	0	0	0	1	0	0
PUL0136	1	0	0	0	0	0	0	0	0	0	0	0	0	0	0	0	0	0	0	0	2	0	0	0	0
PUL0139	0	0	0	0	0	0	0	2	0	0	0	0	0	0	0	0	1	0	0	0	0	0	0	0	0
PUL0140	0	0	0	0	0	0	0	0	0	0	0	0	0	1	0	0	0	0	0	0	0	0	0	0	0
PUL0143	0	0	0	0	0	0	1	0	0	0	0	0	0	0	0	0	0	0	0	0	0	0	1	0	0
PUL0144	0	0	0	0	0	0	0	0	0	0	0	0	1	0	0	0	0	0	0	0	1	0	0	0	0
PUL0145	1	2	2	1	5	2	3	1	0	3	0	0	2	5	10	0	2	2	2	3	1	0	1	1	0
PUL0146	0	0	0	0	0	0	2	0	0	0	3	0	0	1	0	1	0	0	0	0	3	0	0	0	0
PUL0147	0	0	0	0	0	0	1	0	0	0	0	0	0	0	1	0	0	0	0	0	2	0	0	0	0
PUL0148	0	1	0	0	0	1	4	0	0	0	2	0	1	0	1	0	0	0	0	0	10	0	0	1	0
PUL0149	0	0	0	0	0	1	0	0	0	0	1	0	0	0	0	0	0	0	0	0	3	0	0	0	0
PUL0150	0	0	0	0	0	0	0	0	0	0	0	0	0	0	1	0	0	0	0	0	1	0	0	0	0
PUL0151	0	0	0	1	0	0	1	0	0	1	0	0	2	0	1	0	1	0	0	1	0	0	0	0	0
PUL0152	0	0	1	0	0	0	0	0	0	0	0	0	0	1	1	0	1	1	0	1	1	0	0	0	0
PUL0154	0	0	0	0	0	0	0	0	0	0	0	0	0	0	0	0	0	0	0	0	0	0	0	0	1
PUL0155	0	0	0	0	0	0	1	1	0	0	0	0	0	0	0	0	0	0	0	0	1	0	0	0	0
PUL0160	0	0	1	1	0	2	2	0	1	1	6	0	0	1	0	0	0	0	0	0	6	0	0	0	0
PUL0161	0	0	1	1	1	1	1	0	1	0	0	0	2	1	0	0	1	1	1	1	2	3	0	1	2
PUL0162	1	0	1	0	0	0	0	0	0	0	0	1	0	1	0	0	0	1	2	2	0	0	1	1	0
PUL0163	0	0	0	0	0	0	1	0	0	0	0	0	0	0	0	0	0	2	2	3	0	0	0	0	0
PUL0164	0	0	1	0	0	0	0	0	0	0	1	0	0	2	0	0	0	1	0	1	0	0	0	0	0
PUL0165	0	0	0	0	0	0	0	0	0	0	0	0	1	0	0	0	0	1	1	0	1	0	0	0	0
PUL0166	0	0	0	1	0	0	0	0	0	0	0	0	0	0	0	0	0	3	2	2	0	0	0	0	0
PUL0168	0	0	0	0	0	0	0	0	2	0	0	0	0	2	0	1	0	0	0	0	1	1	2	1	0
PUL0169	0	0	1	1	0	0	0	0	0	0	0	0	0	0	0	0	1	0	0	0	2	0	0	0	0
PUL0172	0	0	0	0	0	0	1	0	1	0	1	0	0	1	0	1	0	0	0	0	0	1	1	1	0
PUL0173	0	0	0	0	0	0	0	0	0	0	0	0	0	0	0	0	0	0	0	0	1	0	1	0	0
PUL0177	0	0	0	0	0	0	0	0	0	0	0	0	1	0	0	0	0	0	0	0	0	0	0	0	0
PUL0178	1	0	1	0	0	0	0	0	0	1	0	1	0	2	0	1	0	2	1	1	1	0	0	0	0
PUL0179	0	0	0	0	0	0	0	0	0	0	0	0	0	0	0	0	0	2	1	1	1	0	0	0	0
PUL0180	3	1	1	1	0	2	2	2	1	1	2	0	1	1	0	0	3	4	2	2	2	2	3	1	1
PUL0181	0	0	0	0	0	0	0	0	0	0	0	0	0	0	0	0	1	1	0	1	0	0	0	0	0
PUL0184	1	0	0	0	0	1	1	1	1	0	1	0	0	0	0	0	1	0	0	0	3	2	2	0	2
PUL0186	0	0	0	0	0	0	0	0	1	0	0	0	0	0	0	0	0	0	0	0	0	3	1	0	0
PUL0188	0	0	0	0	0	0	0	0	0	0	0	0	0	1	0	0	0	0	0	0	0	0	0	0	0
PUL0190	0	0	0	0	0	0	0	0	0	0	0	0	0	0	0	0	0	1	1	1	0	0	0	0	0
PUL0191	0	0	1	0	0	0	0	0	0	0	0	0	0	0	0	0	0	0	0	0	0	0	1	0	0
PUL0192	0	0	0	0	0	0	0	0	0	0	1	0	0	0	0	0	0	0	0	0	0	0	0	0	0
PUL0193	0	0	0	0	1	0	0	0	0	0	0	0	0	0	0	0	0	0	0	0	0	0	0	0	0
PUL0195	0	0	0	0	0	0	0	0	0	0	0	0	0	0	0	0	0	0	0	0	0	2	2	0	0
PUL0196	0	0	0	0	0	0	0	0	0	0	0	0	0	0	0	0	0	0	0	0	0	1	0	0	1
PUL0198	0	0	0	0	0	1	0	0	0	0	0	0	0	0	0	0	0	0	0	0	0	0	0	0	0
PUL0199	0	0	0	0	1	0	0	1	0	0	1	0	2	0	0	0	1	0	0	0	1	0	0	0	0
PUL0201	0	0	0	0	0	0	0	0	0	0	1	0	0	0	0	0	0	0	0	0	0	0	0	0	0
PUL0202	0	0	0	0	0	0	1	1	0	0	0	0	0	0	0	1	0	0	0	0	0	0	0	0	0
PUL0206	0	0	0	2	2	2	0	1	0	1	0	0	1	0	0	0	0	1	1	1	1	0	0	0	0
PUL0209	0	0	0	0	0	0	0	2	0	0	0	0	0	0	0	0	0	0	0	0	1	0	0	0	0
PUL0210	0	0	0	0	0	0	0	0	1	0	0	0	0	0	0	0	0	0	0	0	0	0	0	0	0
PUL0211	0	0	0	0	0	0	1	0	0	0	0	0	0	1	0	0	0	0	0	0	0	0	0	0	0
PUL0212	0	1	0	0	1	0	0	0	0	0	3	0	1	0	0	5	1	1	1	1	2	2	0	1	1
PUL0213	0	0	0	0	0	0	0	0	0	0	0	0	0	0	0	0	0	0	0	0	0	1	0	0	0
PUL0214	0	1	0	0	0	0	0	0	0	0	0	0	0	0	1	2	0	0	0	0	0	0	0	0	0
PUL0216	2	0	0	0	0	0	0	3	1	0	0	1	0	1	2	1	0	0	0	0	1	1	1	0	1
PUL0217	0	0	0	0	0	0	0	0	0	0	4	2	0	0	0	0	0	0	0	0	0	1	0	0	0
PUL0218	0	0	1	1	0	0	0	0	0	0	0	1	1	1	0	0	0	0	0	0	3	0	0	0	0
PUL0219	0	0	0	0	0	0	0	0	1	0	0	0	0	0	0	0	0	0	0	0	0	0	1	0	2
PUL0220	0	0	0	0	0	0	3	0	0	0	0	0	1	0	0	0	0	0	0	0	0	0	0	0	0
PUL0225	1	0	0	0	0	1	1	0	0	0	0	0	0	0	0	1	0	2	1	2	2	0	0	2	0
PUL0226	0	0	0	0	0	0	0	0	0	1	0	0	0	0	0	0	0	0	0	0	0	0	0	0	1
PUL0227	1	0	0	0	2	0	0	1	0	0	2	0	0	0	0	0	0	0	0	0	1	2	0	0	0
PUL0229	0	0	0	0	0	0	0	0	0	0	0	0	0	1	0	0	0	0	0	0	0	0	0	0	0
PUL0230	1	1	0	0	0	0	0	0	3	0	0	1	0	0	0	2	0	1	0	1	0	3	2	1	1
PUL0231	0	0	0	0	0	0	0	0	1	0	0	0	0	0	0	0	0	0	0	0	0	1	2	0	0
PUL0232	0	0	0	0	1	0	0	0	0	0	0	0	0	0	0	1	0	0	0	0	0	0	0	0	0
PUL0234	0	0	0	0	0	0	0	0	0	1	0	0	0	0	0	0	0	0	0	1	0	0	0	0	0
PUL0235	0	0	1	0	1	0	0	1	0	1	0	0	0	0	0	1	1	0	0	0	0	0	0	1	0
PUL0236	1	1	1	2	0	2	2	1	1	0	0	1	1	0	1	0	3	1	0	1	1	2	1	1	0
PUL0238	0	0	0	0	0	0	0	0	1	0	0	0	0	0	0	0	0	1	0	0	0	1	3	0	1
PUL0239	0	0	0	0	0	1	0	0	0	0	0	0	1	0	0	0	0	1	0	1	0	0	0	0	0
PUL0240	0	0	0	0	1	0	0	0	0	0	0	0	0	0	0	0	0	0	0	0	0	0	0	0	1
PUL0242	0	0	0	0	0	0	0	0	0	0	0	0	0	0	1	0	0	0	0	0	0	0	0	0	0
PUL0243	0	0	0	0	0	0	0	1	0	0	0	0	0	0	0	0	0	0	0	0	0	0	0	0	0
PUL0245	0	0	0	0	0	0	1	0	0	0	0	0	0	0	0	0	0	0	0	0	0	0	0	0	1
PUL0246	0	0	0	0	0	0	1	0	0	0	0	0	0	1	0	0	0	0	0	0	0	0	1	0	0
PUL0247	0	0	0	0	0	0	0	0	0	1	0	2	0	0	1	0	0	0	0	0	0	0	0	0	0
PUL0248	0	0	0	0	0	0	0	1	0	0	0	1	0	0	0	0	0	0	0	0	0	0	1	0	0
PUL0249	0	0	0	0	0	0	0	0	0	0	0	0	0	0	0	0	0	1	0	0	0	0	0	0	0
PUL0250	0	0	0	0	0	0	0	1	0	1	3	5	0	1	0	1	0	0	0	0	2	1	0	0	0
PUL0252	0	0	1	2	0	3	0	0	0	0	1	0	0	0	0	0	0	0	0	0	0	0	0	0	0
PUL0253	0	0	0	0	1	0	0	0	1	0	0	0	0	0	0	0	0	1	0	0	0	0	0	0	0
PUL0254	0	0	0	0	0	0	0	0	0	0	0	0	0	0	0	0	1	0	0	0	0	0	0	0	0
PUL0255	0	0	0	0	0	1	0	0	0	0	0	1	0	0	0	0	0	1	1	1	1	0	0	0	0
PUL0256	0	0	0	0	0	1	0	0	2	1	0	0	0	0	0	0	0	0	0	1	0	0	0	0	0
PUL0257	0	0	0	1	0	0	0	0	1	0	0	0	0	2	0	0	0	0	0	0	0	0	0	0	1
PUL0258	0	0	0	0	0	0	0	0	1	0	0	1	0	0	0	0	0	0	0	0	1	1	1	1	0
PUL0259	0	0	0	0	0	0	0	0	0	0	0	1	0	0	0	0	1	0	0	0	2	0	0	0	0
PUL0260	0	1	0	0	0	0	0	0	0	0	1	0	0	1	1	1	0	0	0	0	0	0	0	0	0
PUL0261	0	0	0	0	0	0	1	0	0	0	0	0	0	1	0	0	0	0	0	0	0	0	0	0	0
PUL0262	0	0	0	0	1	0	0	0	0	0	0	0	0	0	0	0	0	0	0	0	0	1	0	0	0
PUL0263	0	0	1	1	0	0	0	0	0	0	0	0	0	0	0	0	0	0	0	0	0	0	0	0	0
PUL0264	0	0	0	0	0	0	0	0	0	0	0	0	0	1	0	0	0	0	0	0	2	0	0	0	0
PUL0265	0	0	0	0	0	0	0	0	0	0	0	0	0	2	0	0	1	0	0	0	0	0	0	0	0
PUL0266	0	0	0	0	0	0	1	0	0	0	3	0	0	0	1	0	0	0	0	0	1	0	0	1	0
PUL0267	4	3	2	3	2	1	2	1	0	2	2	4	2	4	2	1	2	2	2	1	4	1	0	4	2
PUL0269	1	1	0	0	0	0	0	3	0	1	0	0	0	4	0	1	1	0	0	0	0	0	0	0	1
PUL0270	2	0	0	0	0	0	0	0	1	0	2	0	0	2	0	1	3	0	0	0	5	0	1	0	0
PUL0278	0	0	0	0	0	0	0	0	0	0	0	0	0	0	0	0	0	0	0	0	0	0	1	0	0
PUL0279	0	0	0	0	0	0	0	0	0	0	0	1	0	0	0	0	0	0	0	0	0	0	0	0	0
PUL0280	1	0	0	0	0	0	0	0	1	0	1	1	0	0	0	0	0	0	0	0	0	0	0	0	0
PUL0281	2	0	0	0	0	0	0	0	1	0	2	0	2	1	0	3	0	1	1	3	3	0	1	0	1
PUL0285	0	0	0	0	0	0	1	0	0	0	0	0	0	0	0	0	0	0	0	0	1	0	0	0	0
PUL0286	0	0	0	0	0	0	0	0	0	0	0	1	0	0	0	0	1	0	0	0	0	1	0	0	0
PUL0289	0	0	0	0	0	0	0	0	0	0	0	0	0	0	1	0	0	2	1	1	0	0	0	0	0
PUL0290	1	0	0	0	0	0	0	0	0	0	0	1	0	0	0	0	0	0	0	0	0	0	0	0	0
PUL0291	1	0	0	0	0	0	0	0	0	0	0	1	0	0	3	0	0	0	0	0	0	0	0	0	0
PUL0292	0	0	0	0	0	0	2	2	0	0	0	0	0	1	0	0	1	0	0	0	0	0	0	0	0
PUL0294	1	0	0	0	0	0	0	0	0	0	0	0	0	0	0	0	0	0	0	0	0	0	2	1	0
PUL0295	0	0	0	0	0	0	0	0	0	0	0	0	0	0	0	0	0	0	0	0	1	0	0	0	1
PUL0296	0	1	0	0	0	0	0	0	0	0	0	0	0	1	0	0	0	0	0	0	0	0	0	0	0
PUL0297	0	0	0	0	0	0	0	0	0	0	0	0	0	0	0	0	0	0	0	0	0	0	0	0	1
PUL0299	0	1	1	0	0	0	3	1	0	0	1	2	0	0	0	0	1	1	1	1	0	0	1	2	0
PUL0300	0	1	2	0	1	0	2	1	1	2	1	3	0	4	2	0	1	0	0	2	1	0	0	0	1
PUL0302	0	0	0	0	0	0	0	0	0	0	0	0	0	1	0	1	0	0	0	1	1	0	0	0	0
PUL0303	0	0	0	1	0	0	0	3	0	0	0	0	1	1	0	0	0	0	0	0	0	1	0	0	0
PUL0304	0	0	0	0	0	0	0	0	0	0	0	0	0	0	0	0	0	1	1	1	0	0	0	0	0
PUL0305	0	0	0	1	0	0	0	0	0	0	0	0	0	1	0	0	0	0	0	0	0	0	1	0	0
PUL0306	0	0	0	0	0	0	0	0	0	0	0	0	0	0	0	0	0	0	1	1	0	0	0	0	0
PUL0309	0	0	0	0	0	0	0	0	1	0	1	0	0	2	0	0	0	0	0	0	1	0	0	2	1
PUL0311	0	0	0	0	0	0	0	0	0	0	0	0	0	0	0	0	0	0	0	0	1	0	0	0	0
PUL0313	0	0	0	0	0	0	1	0	0	0	0	0	0	0	0	0	0	0	0	0	0	0	0	0	0
PUL0316	0	1	0	0	1	1	0	3	0	0	0	0	0	6	6	3	1	1	1	1	1	0	0	0	0
PUL0318	0	0	0	0	0	0	0	1	0	0	0	0	0	0	0	0	0	0	0	0	1	0	0	0	0
PUL0320	0	0	0	0	0	0	0	0	0	0	0	0	0	0	0	0	2	0	0	0	0	0	0	0	0
PUL0322	0	0	0	0	0	0	0	0	0	0	0	0	0	1	0	0	1	0	0	0	1	0	0	0	0
PUL0324	0	0	0	0	0	0	0	0	0	0	0	0	0	1	0	0	0	0	0	0	0	0	1	0	0
PUL0326	0	0	0	0	1	0	0	0	0	0	0	0	0	0	0	0	0	0	0	0	0	0	0	0	0
PUL0327	0	0	0	0	0	0	0	0	1	0	0	0	0	0	0	0	0	0	0	0	0	0	1	0	1
PUL0328	0	0	1	1	0	0	0	0	0	0	2	0	1	2	1	0	0	1	1	1	2	0	0	0	0
PUL0329	0	1	3	2	1	1	4	0	1	1	2	0	2	3	1	0	1	1	0	2	2	0	0	0	0
PUL0332	0	0	0	0	1	1	3	0	0	0	0	0	1	2	1	0	0	1	0	0	1	1	0	0	1
PUL0333	0	1	2	1	2	1	1	2	1	3	2	1	2	3	2	2	3	0	0	0	5	1	1	1	0
PUL0334	1	0	1	2	2	1	0	1	0	4	1	1	1	4	0	0	2	0	0	0	1	0	0	0	0
PUL0335	15	4	6	3	2	0	3	5	3	3	6	2	4	10	0	0	3	6	4	5	5	3	2	4	0
PUL0336	2	1	3	1	1	0	2	1	1	3	1	0	1	2	0	2	1	3	3	3	2	1	2	1	0
PUL0337	0	0	0	0	3	1	1	2	2	0	2	0	0	2	3	2	0	1	1	2	0	2	2	2	1
PUL0339	1	1	4	5	4	4	0	2	1	4	1	1	3	2	1	2	3	4	3	2	3	0	2	0	0
PUL0340	3	2	1	1	2	1	0	2	2	3	1	3	1	7	2	2	2	3	3	3	2	2	4	6	1
PUL0341	0	2	3	2	0	0	0	0	1	1	2	1	1	0	1	1	0	1	1	0	0	1	2	1	1
PUL0342	0	0	0	0	0	0	0	0	0	0	0	0	0	1	0	0	0	0	0	0	0	0	0	0	0
PUL0344	0	0	0	0	1	1	0	0	0	4	0	0	0	2	0	0	0	0	0	0	0	1	0	0	0
PUL0345	0	0	1	1	0	0	0	0	1	0	0	0	0	0	0	0	0	1	0	0	0	0	1	0	0
PUL0346	0	0	0	0	0	0	0	0	0	0	0	0	0	1	0	0	0	0	0	0	0	0	0	1	0
PUL0347	0	1	0	0	0	1	0	1	1	0	2	0	0	2	1	0	1	0	0	0	2	2	1	0	1
PUL0349	0	0	0	0	0	0	0	0	0	0	0	0	0	0	0	0	0	0	0	0	0	3	0	0	0
PUL0350	0	0	1	1	0	0	0	0	0	0	0	0	0	0	0	0	0	0	0	0	0	0	0	0	0
PUL0352	0	0	0	0	0	3	0	0	0	0	0	0	0	0	0	0	0	0	0	0	0	0	0	0	0
PUL0353	0	0	1	0	0	0	0	0	0	0	0	0	0	0	0	0	0	0	0	0	0	0	0	0	0
PUL0354	0	0	1	0	0	0	0	0	0	0	0	0	0	0	0	0	0	2	2	1	0	0	0	0	0
PUL0355	0	0	0	0	1	0	0	0	0	0	0	0	1	0	0	0	1	0	0	0	0	0	0	0	0
PUL0356	0	0	0	0	0	0	0	0	0	0	0	0	1	0	0	0	0	1	2	2	0	0	0	0	0
PUL0361	0	0	0	0	0	0	0	0	0	0	0	4	0	0	0	0	0	0	0	0	0	0	0	0	0
PUL0364	0	0	0	0	0	0	2	0	0	0	0	0	0	1	1	0	0	0	0	0	0	0	0	0	0
PUL0365	0	0	0	0	0	0	1	0	0	0	0	0	0	0	0	0	1	2	1	1	0	0	0	0	0
PUL0366	0	0	0	0	0	0	0	0	0	0	0	0	0	2	0	0	0	0	0	0	0	1	1	0	1
PUL0368	0	1	0	0	0	0	1	1	1	0	3	0	0	1	1	0	0	0	0	0	2	1	1	0	1
PUL0369	0	0	0	0	0	0	0	0	0	0	0	0	0	0	0	0	0	0	0	0	0	0	0	0	1
PUL0370	0	0	0	0	0	0	0	0	2	0	0	0	0	0	0	0	0	0	0	0	0	2	2	0	1
PUL0374	0	0	0	0	0	0	0	0	0	0	0	0	0	0	0	0	0	0	0	0	1	0	0	0	0
PUL0375	2	0	0	0	0	2	0	0	0	2	0	0	0	1	1	0	1	1	0	0	0	0	0	1	0
PUL0376	0	0	0	0	0	0	0	0	0	0	0	0	0	0	0	0	0	1	0	0	0	0	0	0	0
PUL0380	0	0	0	0	1	0	0	0	0	0	0	0	0	0	0	0	1	0	0	0	0	0	0	0	0
PUL0381	0	0	0	0	0	0	0	0	0	0	2	0	0	0	0	0	0	0	0	0	0	1	2	0	0
PUL0382	0	0	0	1	0	2	1	0	0	0	1	1	0	0	0	0	0	0	0	0	0	1	0	0	0
PUL0383	0	0	0	0	0	0	0	0	0	0	0	0	0	0	0	0	1	0	0	0	0	0	0	0	0
PUL0384	0	0	0	0	0	0	1	0	0	0	0	1	0	0	0	0	0	0	0	0	3	0	0	0	0
PUL0390	2	0	0	1	0	0	3	6	2	3	2	1	0	4	3	1	0	1	0	0	1	0	3	3	2
PUL0392	0	0	0	1	0	1	0	0	1	0	0	0	1	0	0	0	0	0	0	0	1	0	1	0	0
PUL0394	0	0	0	0	0	0	0	0	0	0	0	0	0	0	0	0	0	0	0	0	0	0	0	0	1
PUL0396	2	1	0	0	0	0	3	1	1	0	0	0	0	4	1	0	0	0	0	0	1	0	1	0	0
PUL0397	0	0	0	1	0	0	0	0	0	0	0	0	0	0	0	0	0	0	0	0	0	0	0	0	0
PUL0399	0	2	0	0	0	0	0	0	0	0	0	1	0	0	0	1	0	0	0	0	0	0	0	1	1
PUL0401	1	1	0	0	0	0	0	0	1	1	0	0	0	2	0	0	0	0	0	0	0	0	0	1	0
PUL0402	0	0	0	0	0	0	0	0	0	0	0	1	0	0	0	0	0	0	0	0	0	0	0	0	0
PUL0403	0	0	0	0	0	0	0	0	0	0	0	0	0	1	0	0	0	0	0	0	0	0	0	0	0
PUL0404	1	0	0	0	0	0	0	1	0	0	0	0	0	2	1	0	0	0	0	0	0	0	0	0	0
PUL0406	0	2	0	0	6	3	3	2	1	0	0	1	1	1	1	1	0	0	0	0	5	2	3	6	2
PUL0409	0	0	0	0	0	1	1	2	1	1	0	0	0	1	0	0	0	0	0	0	1	0	0	0	0
PUL0410	0	0	1	1	0	0	1	0	0	0	0	0	0	1	1	0	0	0	0	0	4	0	0	0	1
PUL0413	5	0	0	0	1	1	2	2	3	1	6	4	0	1	2	0	2	1	1	2	4	3	1	2	2
PUL0414	1	3	0	2	0	0	1	0	0	0	1	0	0	2	0	3	1	1	0	0	2	0	1	1	0
PUL0415	0	0	0	0	0	0	0	0	0	0	0	0	0	0	0	0	0	1	1	0	0	0	0	0	0
PUL0416	0	0	0	0	0	0	0	0	0	0	0	0	1	1	0	0	0	1	0	0	0	0	0	0	0
PUL0417	0	0	0	0	0	3	0	0	0	0	0	0	0	0	0	0	0	0	0	0	0	0	0	0	0
PUL0419	0	0	0	0	0	1	0	0	0	0	0	0	0	0	0	0	0	0	0	0	1	0	0	0	0
PUL0420	0	0	0	0	2	0	0	0	0	0	0	0	1	0	0	0	0	0	0	1	0	0	0	0	0
PUL0422	0	0	0	0	0	0	0	0	0	0	0	0	0	0	0	0	0	0	0	0	1	0	0	0	0
PUL0424	0	1	1	0	0	0	0	0	0	0	0	0	0	0	0	1	0	0	0	0	1	0	0	0	0
PUL0425	0	0	0	0	0	0	0	0	0	0	0	0	0	0	0	2	0	0	0	0	0	0	1	0	0
PUL0428	0	0	0	0	0	0	0	0	0	0	0	0	0	0	1	0	0	0	0	0	0	1	0	0	0
PUL0429	1	0	1	0	0	1	0	2	0	1	3	2	0	3	5	0	1	0	1	0	2	0	0	0	0
PUL0430	1	0	0	0	0	0	0	0	0	2	1	0	0	0	0	2	1	0	0	0	0	0	0	1	0
PUL0431	0	0	0	0	0	0	0	0	0	0	0	0	0	1	1	0	1	0	0	0	0	0	0	0	0
PUL0432	0	0	0	0	0	0	0	0	1	0	0	0	0	0	0	0	0	0	0	0	0	1	0	0	0
PUL0434	0	0	0	0	0	0	0	0	0	0	0	0	1	0	0	0	0	0	0	0	0	0	0	0	0
PUL0435	0	0	0	1	0	0	0	0	0	0	0	0	0	0	0	0	1	0	0	0	0	0	0	0	0
PUL0436	0	0	0	0	0	0	1	0	0	1	0	0	0	1	0	0	4	1	1	1	1	0	0	0	0
PUL0437	0	0	0	0	0	0	0	0	0	0	0	0	0	0	0	0	0	0	0	0	1	0	0	0	0
PUL0438	0	0	0	0	0	0	0	0	0	0	0	0	0	1	0	0	0	1	1	1	0	0	0	0	0
PUL0439	0	0	0	0	0	0	0	0	0	0	0	0	0	0	0	0	0	0	0	0	1	0	0	0	0
PUL0440	0	0	0	1	0	0	0	0	0	0	0	0	0	0	0	0	0	0	0	0	0	0	0	0	0
PUL0441	0	0	4	3	0	0	0	0	0	0	0	0	0	1	0	0	0	0	0	0	0	0	0	0	0
PUL0442	0	0	2	1	0	1	0	0	0	1	0	0	0	0	0	0	0	0	0	0	2	0	0	0	0
PUL0443	0	0	1	1	2	1	1	0	0	1	2	0	0	0	0	0	0	1	1	1	3	0	0	0	0
PUL0446	0	0	0	0	0	0	1	0	0	0	0	3	2	0	0	2	1	0	0	0	1	0	0	0	0
PUL0448	0	0	0	0	0	0	0	0	0	0	1	0	0	0	0	0	0	0	0	0	0	0	0	0	0
PUL0449	0	0	0	0	0	0	0	0	0	0	0	0	1	0	0	0	0	0	0	0	0	1	0	0	0
PUL0450	0	0	0	0	0	0	0	0	0	0	0	0	0	0	0	0	0	0	0	0	0	0	1	0	0
PUL0451	0	0	0	0	0	0	0	0	1	0	0	2	0	0	0	1	0	0	0	0	0	0	1	0	0
PUL0452	0	0	0	0	0	0	0	0	0	0	0	0	0	0	0	0	0	0	0	0	0	1	3	0	0
PUL0453	0	0	0	0	0	0	0	0	1	0	0	0	0	0	0	0	0	0	0	0	1	0	1	0	0
PUL0454	1	0	0	1	0	1	0	2	0	1	0	2	0	5	0	0	0	0	0	0	1	0	1	0	0
PUL0458	2	0	0	0	2	0	2	0	1	0	2	0	0	3	2	0	0	0	0	0	1	0	0	0	1
PUL0459	0	0	0	1	2	0	0	2	1	1	1	0	0	4	2	1	0	0	0	0	2	0	0	0	0
PUL0460	0	2	0	0	0	0	3	6	2	2	0	0	2	5	10	2	2	1	0	0	7	0	0	1	0
PUL0461	0	1	0	0	0	0	0	0	0	0	0	0	0	0	0	0	0	0	0	0	0	0	0	0	0
PUL0463	0	1	1	0	0	0	1	0	0	0	0	0	1	0	0	0	0	1	1	0	1	0	0	0	0
PUL0466	0	0	0	0	0	0	0	0	0	0	0	1	0	0	0	0	0	0	0	0	0	0	0	0	0
PUL0467	0	0	0	0	0	0	2	0	0	1	0	0	0	0	0	0	1	1	1	1	0	0	0	0	0
PUL0468	0	0	2	1	0	2	5	0	0	1	0	0	0	3	0	0	1	2	0	2	3	0	0	0	0
PUL0471	0	0	0	0	0	0	0	0	0	0	0	0	0	0	0	0	0	1	0	1	0	0	0	0	0
PUL0472	0	0	1	0	0	0	1	0	0	0	1	0	0	0	0	0	0	0	0	0	0	0	0	0	0
PUL0473	0	0	3	3	0	0	1	0	0	0	1	0	0	2	0	0	0	0	0	0	1	0	0	0	0
PUL0474	0	0	0	0	1	1	0	0	0	2	0	0	0	0	0	0	0	1	1	1	0	0	0	0	0
PUL0475	0	0	0	0	0	0	1	1	0	0	0	0	0	1	0	0	0	0	0	0	0	0	0	0	0
PUL0476	0	0	1	1	0	1	0	0	0	0	0	0	0	0	0	0	0	0	0	0	0	0	0	0	0
PUL0478	0	0	1	2	2	0	0	0	0	0	0	0	0	0	0	0	0	0	0	0	0	0	0	0	0
PUL0479	0	0	0	0	1	4	0	0	0	0	0	0	1	0	0	0	0	1	1	1	1	0	0	0	0
PUL0480	0	0	0	0	0	0	0	0	0	0	0	0	0	1	0	0	0	0	0	0	0	0	0	0	0
PUL0482	0	0	0	0	0	0	4	0	0	0	1	0	0	0	0	0	0	2	3	1	1	0	0	0	0
PUL0483	0	0	0	0	2	0	0	0	0	0	0	0	0	0	0	0	0	0	0	0	3	0	0	0	0
PUL0485	0	0	0	0	0	0	0	0	0	0	0	0	0	0	0	0	0	2	1	1	0	0	0	0	0
PUL0486	0	0	0	0	0	0	0	0	0	0	0	0	0	1	0	0	0	0	0	0	0	0	0	0	1
PUL0487	0	0	1	1	0	0	0	0	0	1	0	0	0	0	0	0	0	0	0	0	1	0	0	0	0
PUL0488	0	0	0	0	0	0	0	0	0	0	0	0	0	0	0	0	0	1	0	1	0	0	0	0	0
PUL0489	0	1	0	0	2	0	1	0	0	0	0	0	0	1	0	0	0	1	0	1	0	0	0	1	0
PUL0490	0	0	0	0	0	0	0	0	0	1	0	1	0	0	0	0	0	0	0	0	0	0	0	0	0
PUL0491	0	0	1	0	0	0	0	0	0	0	0	0	0	0	0	0	0	0	1	0	0	0	0	0	0
PUL0492	0	0	0	0	0	0	0	0	0	0	0	0	0	0	0	0	0	0	0	0	0	0	1	0	0
PUL0493	0	1	0	1	0	0	1	0	1	0	1	0	1	1	0	1	1	1	1	1	1	1	1	2	0
PUL0494	0	0	0	1	0	0	0	0	2	0	0	1	0	0	0	1	0	0	0	0	0	0	0	0	1
PUL0495	1	0	0	0	0	0	0	0	0	0	0	0	0	0	0	0	1	0	0	0	0	1	0	0	0
PUL0496	0	0	0	0	0	0	1	0	1	0	0	0	0	1	0	0	0	1	0	0	0	0	0	0	0
PUL0498	0	0	0	0	0	0	0	0	1	0	0	0	0	0	0	0	0	2	0	1	0	0	0	0	0
PUL0500	0	0	1	0	1	1	0	0	1	0	0	1	0	0	0	0	0	0	0	0	2	0	1	0	0
PUL0501	0	0	0	0	0	0	0	0	0	0	0	0	0	0	0	0	0	0	0	0	0	0	1	2	1
PUL0502	2	0	2	2	0	0	0	1	0	0	0	2	0	0	0	0	0	0	0	0	0	0	0	0	0
PUL0503	0	0	0	0	0	0	0	0	1	0	0	0	0	0	0	0	0	0	0	0	0	0	1	0	0
PUL0505	0	0	0	0	0	0	0	0	0	0	0	0	0	0	0	0	1	0	0	0	0	0	0	0	0
PUL0506	0	0	0	0	0	0	0	0	0	0	1	0	0	0	1	0	1	0	0	0	0	0	0	0	0
PUL0507	0	0	2	1	0	0	0	0	0	0	0	2	0	0	0	0	0	0	0	0	0	1	0	0	0
PUL0509	1	0	0	0	0	0	0	0	1	0	0	0	0	1	0	0	0	1	0	0	0	0	0	0	0
PUL0510	0	0	0	0	0	0	1	0	0	0	0	0	0	0	0	0	0	0	0	0	0	1	0	0	0
PUL0511	0	0	0	0	1	0	0	0	0	0	0	0	0	0	0	0	1	0	0	0	1	1	0	0	0
PUL0512	0	0	0	0	0	1	0	0	0	0	0	0	1	0	0	0	0	0	0	0	0	0	0	0	0
PUL0513	0	0	1	0	0	0	0	0	0	0	0	3	0	0	0	0	0	1	1	1	0	0	0	0	0
PUL0514	0	0	0	0	0	0	0	0	0	0	0	0	1	0	0	1	0	0	0	0	0	0	0	0	0
PUL0516	0	0	0	0	0	0	0	1	0	1	1	0	0	1	0	1	0	1	0	0	1	0	0	0	0
PUL0517	0	0	1	0	0	0	0	0	0	0	1	0	0	0	0	0	0	1	1	1	0	0	0	0	0
PUL0518	0	0	0	0	0	0	0	0	0	0	0	0	0	0	0	0	0	0	0	0	1	1	1	0	1
PUL0519	1	0	0	0	0	0	0	0	0	0	0	0	0	2	0	0	0	0	0	0	0	0	0	1	1
PUL0521	0	0	1	2	0	0	0	0	0	0	1	2	1	0	0	1	0	3	2	3	0	0	0	0	0
PUL0522	0	0	0	0	0	0	1	1	1	0	0	0	0	1	0	0	0	1	1	0	1	0	1	0	0
PUL0523	0	0	0	0	0	0	0	0	0	0	0	0	1	0	0	0	1	0	0	0	0	0	0	0	0
PUL0524	0	0	0	0	0	0	0	0	0	0	0	1	0	0	0	0	0	0	0	0	0	0	0	0	0
PUL0526	0	0	0	0	0	0	0	0	0	0	0	1	0	0	0	0	0	1	0	0	0	0	0	0	0
PUL0527	3	1	1	3	2	1	1	1	1	2	2	0	4	2	1	1	3	2	2	1	4	0	0	1	1
PUL0529	0	0	0	0	0	1	0	0	0	0	1	0	0	0	0	0	0	0	0	0	0	0	0	0	0
PUL0530	1	1	1	1	4	1	0	1	0	0	1	2	4	4	1	3	2	2	1	2	1	1	0	1	0
PUL0532	0	0	1	1	0	0	0	0	0	1	1	0	0	0	0	0	0	0	0	1	0	0	0	0	0
PUL0534	0	0	0	0	0	0	0	0	0	0	0	0	0	0	0	2	1	0	0	0	0	0	0	0	0
PUL0535	0	0	0	0	0	0	0	0	0	1	0	0	0	0	0	0	0	0	0	0	0	0	0	0	0
PUL0536	0	0	0	0	0	0	0	0	0	0	0	0	0	2	0	0	0	2	1	2	0	0	0	0	0
PUL0539	0	0	0	0	1	0	0	0	0	0	2	0	0	0	0	0	0	0	0	0	0	0	0	0	0
PUL0540	0	0	0	0	0	0	0	0	0	0	0	0	1	1	0	0	0	0	0	0	0	0	0	0	0
PUL0541	1	0	5	3	0	0	0	0	0	0	0	0	0	0	0	0	0	0	0	0	0	0	0	0	0
PUL0543	0	0	0	0	0	0	0	0	0	1	0	0	0	0	0	0	0	0	0	0	0	0	0	0	0
PUL0544	0	0	0	0	0	1	0	1	0	0	1	0	0	1	0	0	0	0	0	0	0	0	0	0	0
PUL0545	0	0	0	0	1	0	0	0	0	0	0	0	1	0	0	0	0	0	0	0	0	0	0	0	0
PUL0546	0	0	0	0	0	0	0	0	0	0	1	0	0	0	0	0	0	0	0	0	0	0	0	0	0
PUL0547	0	1	1	1	0	0	0	0	0	0	0	0	1	0	0	0	0	1	0	0	0	0	0	0	0
PUL0548	0	0	0	0	0	0	0	0	0	0	0	0	0	1	0	0	0	0	0	0	0	0	0	0	0
PUL0549	0	0	0	0	1	0	0	0	0	0	0	0	0	0	0	0	0	0	0	0	0	0	0	0	0
PUL0550	0	1	0	0	0	1	0	0	0	0	0	0	0	0	0	0	0	0	0	0	1	0	0	0	0
PUL0553	0	0	0	0	0	0	0	0	0	0	0	0	0	0	0	0	0	2	0	0	0	0	0	0	0
PUL0554	0	0	1	0	0	0	0	0	0	0	0	0	0	0	0	0	0	1	1	1	0	0	0	0	0
PUL0555	0	0	1	1	0	0	0	0	0	0	0	0	0	0	0	0	0	0	0	0	0	0	0	0	0
PUL0559	0	0	0	0	0	0	0	0	0	1	0	0	1	0	0	0	0	1	0	1	0	0	0	0	0
PUL0560	0	0	1	0	1	3	0	0	1	0	1	0	0	0	0	0	0	2	1	1	1	1	1	0	0
PUL0563	0	0	0	0	0	0	0	0	0	0	1	0	0	0	0	0	0	0	0	0	0	0	0	0	0
PUL0564	0	0	0	0	1	1	0	0	0	0	0	0	0	0	0	0	0	1	1	1	0	0	0	0	0
PUL0569	0	0	0	0	0	0	0	0	0	0	0	0	0	2	0	0	0	0	0	0	0	0	0	0	0
PUL0571	0	0	0	0	0	0	0	0	0	0	0	0	0	0	0	1	0	0	0	0	0	0	0	0	0
PUL0572	3	0	0	0	0	0	0	0	0	0	0	0	0	1	0	0	0	0	0	0	1	0	0	0	0
PUL0574	0	0	0	0	0	1	0	0	1	0	1	0	0	0	0	0	0	0	0	0	0	1	1	0	1
PUL0575	0	0	0	0	0	0	0	0	1	0	1	0	0	0	0	0	0	0	0	0	0	1	1	0	0
PUL0576	0	0	0	0	0	0	0	0	1	0	0	0	0	0	0	0	0	0	0	0	0	1	1	1	0
PUL0577	1	0	0	0	0	0	1	0	0	0	0	0	0	0	0	1	0	0	0	0	0	0	0	0	0
PUL0579	0	0	0	0	0	0	0	0	0	0	0	0	0	0	0	0	0	0	0	0	0	0	1	1	1
PUL0582	0	0	0	0	0	0	0	0	0	0	0	0	0	0	0	0	0	0	0	0	0	0	0	0	1
PUL0583	0	0	0	0	0	0	0	0	0	0	0	0	0	1	0	0	0	0	0	0	0	1	0	0	0
PUL0584	1	3	0	0	0	0	1	1	0	0	1	0	0	1	0	1	1	1	1	1	0	1	1	1	1
PUL0588	1	0	0	0	0	0	0	0	0	0	0	0	0	0	0	0	0	0	0	0	0	0	0	0	0
PUL0590	0	0	0	0	0	0	0	0	0	0	0	0	0	0	0	0	0	0	0	0	0	0	0	0	1
PUL0591	0	0	0	0	0	0	0	0	1	0	1	0	0	2	0	0	0	0	0	0	0	1	1	0	0
PUL0593	0	0	0	0	0	0	0	0	0	0	0	1	0	2	0	0	0	0	0	0	0	0	0	1	0
PUL0595	0	0	0	0	0	0	0	0	0	0	0	0	0	0	0	0	0	0	0	0	0	0	0	2	0
PUL0598	0	0	0	0	1	0	1	1	0	0	0	0	0	1	0	0	0	0	0	0	0	0	0	0	0
PUL0599	1	1	0	0	0	0	0	0	0	1	2	0	0	0	0	0	1	0	0	0	1	0	0	1	0
PUL0600	0	1	0	0	0	0	0	0	0	0	1	0	0	2	0	0	1	0	0	0	0	0	0	0	0
PUL0601	0	1	0	0	0	0	0	0	0	1	0	0	1	0	0	0	1	0	0	0	0	1	0	2	0
PUL0602	0	0	0	0	0	0	0	0	1	0	0	0	0	1	0	1	0	0	0	0	1	1	0	0	0
